1000
1001
1008
1026
1032
1057
1063
1068
1076
1092
1110
1138
1157
1181
1182
1202
1225
1267
1268
1270
1271
1284
1292
1316
1337
1392
1417
1431
1439
1453
1463
1475
1500
1520
1535
1543
1550
1551
1598
1652
1680
1681
1700
1712
1725
1743
1744
1758
1773
1806
1817
1864
1913
1915
1924
1927
1931
1937
1946
1952
1987
2010
2078
2091
2153
2156
2161
2163
2167
2217
2293
2309
2437
2446
2456
2475
2480
2484
2495
2506
2512
2547
2558
2563
2588
2702
2720
2748
2755
2789
2805
2839
2845
2846
2851
2863
2864
2865
2869
2870
2884
2914
2941
2953
2966
3000
3003
3005
3009
3034
3052
3181
3273
3460
3980
4388
4435
4539
4583
4948
5052
5086
5462
5532
5554
5555
5557
5568
5575
5597
5800
5893
7568
7579
7785
7789
8611
8892
8958
8974
8983
9012
9084
9093
9243
9372
9461
9466
9576
9933
10162
10599
10707
10709
10768
10809
10811
10814
10816
10819
10837
10998
11047
11052
11382
11399
11502
11509
11586
11720
11723
11943
11948
12605
12865
12931
14405
14425
14501
14652
15727
15815
15904
16194
16430
16968
17122
17262
17496
17608
17609
17610
18310
18406
19638
19843
19939
19940
19944
19946
19952
20001
20112
20113
20115
20124
20155
20205
20291
20299
20300
20310
20362
20492
20499
20528
20540
20920
20921
21312
21567
21734
21735
21756
